2e-26 10052.4 1e-20 4.80975e-10 0.0001601 1e-20 1e-20 1e-20 0.000320001 8.99485e-19
2.41889e-26 9957.31 1e-20 5.34469e-10 0.0001601 1e-20 1e-20 1e-20 0.000320001 1.09868e-18
2.92552e-26 9865.91 1e-20 5.94068e-10 0.0001601 1e-20 1e-20 1e-20 0.000320001 1.34559e-18
3.53826e-26 9777.28 1e-20 6.60519e-10 0.0001601 1e-20 1e-20 1e-20 0.000320001 1.65342e-18
4.27934e-26 9690.47 1e-20 7.34664e-10 0.0001601 1e-20 1e-20 1e-20 0.000320001 2.03955e-18
5.17564e-26 9604.46 1e-20 8.17451e-10 0.0001601 1e-20 1e-20 1e-20 0.000320001 2.52697e-18
6.25966e-26 9518.13 1e-20 9.09946e-10 0.0001601 1e-20 1e-20 1e-20 0.000320001 3.14617e-18
7.57072e-26 9430.2 1e-20 1.01334e-09 0.0001601 1e-20 1e-20 1e-20 0.000320001 3.93751e-18
9.15639e-26 9339.19 1e-20 1.12896e-09 0.000160099 1.37078e-20 1e-20 1e-20 0.000320001 4.95443e-18
1.10742e-25 9243.24 1e-20 1.25827e-09 0.000160099 2.13085e-20 1e-20 1e-20 0.000320001 6.2672e-18
1.33936e-25 9139.95 1e-20 1.40286e-09 0.000160099 3.31486e-20 1e-20 1e-20 0.000320001 7.96749e-18
1.61989e-25 9026.06 1e-20 1.56447e-09 0.000160099 5.15793e-20 1e-20 1e-20 0.000320001 1.01733e-17
1.95917e-25 8896.81 1e-20 1.74491e-09 0.000160099 8.02211e-20 1e-20 1e-20 0.000320001 1.30337e-17
2.36951e-25 8744.74 1e-20 1.94608e-09 0.000160099 1.24605e-19 1e-20 1e-20 0.000320001 1.67338e-17
2.86579e-25 8557.01 1e-20 2.16997e-09 0.000160098 1.93094e-19 1e-20 1e-20 0.000320001 2.15008e-17
3.46603e-25 8308.53 1e-20 2.41905e-09 0.000160098 2.9818e-19 1e-20 1e-20 0.000320001 2.76288e-17
4.19197e-25 7941.69 1e-20 2.69861e-09 0.000160098 4.58563e-19 1e-20 1.08863e-20 0.000320001 3.56273e-17
5.06997e-25 7305.97 1e-20 3.03068e-09 0.000160098 7.06155e-19 1e-20 1.76519e-20 0.000320001 4.72602e-17
6.13186e-25 6483.16 1e-20 3.46317e-09 0.000160097 1.11527e-18 1e-20 3.07178e-20 0.000320001 6.72102e-17
7.41616e-25 5282.22 1e-20 4.06869e-09 0.000160097 1.91348e-18 1e-20 6.45775e-20 0.000320001 1.15336e-16
8.96945e-25 4210.65 1e-20 4.83268e-09 0.000160096 3.5885e-18 1e-20 1.51954e-19 0.000320001 2.21248e-16
1.08481e-24 3310.33 1e-20 5.78423e-09 0.000160095 7.2272e-18 1e-20 3.52423e-19 0.000320001 4.17747e-16
1.31202e-24 2577.17 1.20629e-20 6.97278e-09 0.000160094 1.52829e-17 1e-20 7.16045e-19 0.000320001 6.89929e-16
1.58681e-24 1979.63 3.2577e-20 8.47773e-09 0.000160092 3.37357e-17 1e-20 1.31653e-18 0.000320001 1.02939e-15
1.91917e-24 1363.79 1.05118e-19 1.0664e-08 0.00016009 8.92659e-17 1e-20 2.55582e-18 0.000320001 1.61869e-15
2.32113e-24 848.741 9.85361e-17 1.39024e-08 0.000160087 6.49071e-14 5.57719e-19 1.37698e-15 0.000320001 7.04964e-13
2.80728e-24 558.089 6.62962e-16 1.80223e-08 0.000160083 3.44465e-13 2.66015e-18 6.67964e-15 0.000320001 2.75828e-12
3.39526e-24 386.371 3.04467e-15 2.32384e-08 0.000160077 1.21313e-12 1.07298e-17 2.72256e-14 0.000320001 9.04597e-12
4.10639e-24 282.938 1.17577e-14 2.97367e-08 0.000160071 3.53923e-12 4.35699e-17 1.10553e-13 0.000320001 2.94775e-11
4.96646e-24 217.732 4.18347e-14 3.78049e-08 0.000160063 9.28874e-12 1.76e-16 4.41786e-13 0.000320001 9.42568e-11
6.00666e-24 174.508 1.43798e-13 4.78363e-08 0.000160053 2.29542e-11 6.94389e-16 1.70672e-12 0.000320001 2.90451e-10
7.26474e-24 145.436 4.86404e-13 6.0123e-08 0.00016004 5.39751e-11 2.60236e-15 6.17799e-12 0.000320001 8.35738e-10
8.78632e-24 125.955 1.567e-12 7.46148e-08 0.000160026 1.18357e-10 8.79208e-15 1.97394e-11 0.000320001 2.11469e-09
1.06266e-23 113.035 4.58965e-12 9.08748e-08 0.000160009 2.34174e-10 2.52976e-14 5.22031e-11 0.000320001 4.41101e-09
1.28523e-23 104.172 1.18432e-11 1.08812e-07 0.000159991 4.13471e-10 6.09873e-14 1.12533e-10 0.00032 7.46704e-09
1.55442e-23 97.394 2.74357e-11 1.29568e-07 0.00015997 6.6359e-10 1.2604e-13 2.04556e-10 0.00032 1.0609e-08
1.87998e-23 91.4703 5.82539e-11 1.5554e-07 0.000159944 9.95164e-10 2.30397e-13 3.27866e-10 0.00032 1.32244e-08
2.27374e-23 85.6563 1.16802e-10 1.90682e-07 0.000159908 1.42723e-09 3.80047e-13 4.78801e-10 0.00032 1.49403e-08
2.74997e-23 79.5869 2.25223e-10 2.41089e-07 0.000159857 1.99016e-09 5.72189e-13 6.50692e-10 0.00032 1.56214e-08
3.32594e-23 73.1797 4.23696e-10 3.1651e-07 0.000159781 2.72911e-09 7.91848e-13 8.3423e-10 0.000319999 1.53228e-08
4.02255e-23 66.5913 7.88246e-10 4.32973e-07 0.000159663 3.70933e-09 1.0144e-12 1.01921e-09 0.000319999 1.42437e-08
4.86506e-23 60.1092 1.46913e-09 6.16943e-07 0.000159477 5.02414e-09 1.21622e-12 1.19812e-09 0.000319998 1.26736e-08
5.88403e-23 54.0037 2.77017e-09 9.13102e-07 0.000159178 6.80649e-09 1.38319e-12 1.36767e-09 0.000319996 1.09011e-08
7.11642e-23 48.4477 5.34493e-09 1.39803e-06 0.000158688 9.24473e-09 1.51279e-12 1.52852e-09 0.000319994 9.15048e-09
8.60693e-23 43.5118 1.06431e-08 2.20451e-06 0.000157873 1.26027e-08 1.61035e-12 1.6835e-09 0.000319988 7.55982e-09
1.04096e-22 39.3085 2.12607e-08 3.46958e-06 0.000156593 1.70304e-08 1.66758e-12 1.81496e-09 0.000319978 6.197e-09
1.25899e-22 36.0653 3.79466e-08 4.98252e-06 0.000155058 2.19378e-08 1.64215e-12 1.8557e-09 0.000319961 5.07782e-09
1.52268e-22 33.2027 6.99538e-08 7.20448e-06 0.000152798 2.81955e-08 1.60429e-12 1.88639e-09 0.000319929 4.16329e-09
1.8416e-22 30.663 1.35638e-07 1.04401e-05 0.000149489 3.60479e-08 1.5602e-12 1.91066e-09 0.000319863 3.4278e-09
2.22732e-22 28.3882 2.7779e-07 1.50602e-05 0.000144717 4.5631e-08 1.51685e-12 1.93441e-09 0.000319721 2.84533e-09
2.69382e-22 26.3229 6.44645e-07 2.14129e-05 0.000137986 5.68045e-08 1.48474e-12 1.96748e-09 0.000319354 2.39205e-09
3.25804e-22 24.4204 1.8002e-06 2.95476e-05 0.000128684 6.88795e-08 1.4848e-12 2.02608e-09 0.000318198 2.04854e-09
3.94042e-22 22.7279 6.45339e-06 3.83185e-05 0.000115249 8.00252e-08 1.60372e-12 2.16185e-09 0.000313545 1.81856e-09
4.76573e-22 21.7033 2.58627e-05 4.2246e-05 9.19068e-05 8.49933e-08 2.37287e-12 2.67341e-09 0.000294135 1.82799e-09
5.7639e-22 21.9728 6.58877e-05 3.53894e-05 5.87457e-05 7.77761e-08 6.08872e-12 4.57467e-09 0.000254108 2.35057e-09
6.97113e-22 22.69 9.99712e-05 2.66536e-05 3.34113e-05 6.45454e-08 1.81391e-11 9.47438e-09 0.00022002 3.38186e-09
8.43121e-22 23.1301 0.000120965 2.0411e-05 1.86735e-05 5.09191e-08 4.9232e-11 1.99738e-08 0.000199015 4.80227e-09
1.01971e-21 22.9952 0.000132767 1.64599e-05 1.0834e-05 3.95124e-08 1.10841e-10 3.80193e-08 0.000187195 6.31164e-09
1.23328e-21 22.4813 0.000139971 1.35354e-05 6.56383e-06 3.05525e-08 2.1188e-10 6.37206e-08 0.000179966 7.66799e-09
1.49159e-21 21.7775 0.000144716 1.11086e-05 4.25137e-06 2.4004e-08 3.43067e-10 9.19813e-08 0.000175192 8.56267e-09
1.804e-21 21.0866 0.000148175 8.90543e-06 3.00009e-06 1.93076e-08 4.77132e-10 1.14969e-07 0.00017171 8.85006e-09
2.18184e-21 20.4965 0.000150855 6.92383e-06 2.30494e-06 1.58553e-08 5.87207e-10 1.27728e-07 0.000169017 8.61194e-09
2.63882e-21 19.9388 0.000152892 5.31287e-06 1.88193e-06 1.32187e-08 6.64202e-10 1.30654e-07 0.000166977 8.05319e-09
3.19152e-21 19.318 0.000154373 4.12889e-06 1.58716e-06 1.11355e-08 7.12826e-10 1.26874e-07 0.0001655 7.35131e-09
3.85997e-21 18.6085 0.00015543 3.30197e-06 1.35847e-06 9.44846e-09 7.39874e-10 1.19262e-07 0.000164451 6.60764e-09
4.66843e-21 17.8571 0.000156204 2.71771e-06 1.17009e-06 8.05322e-09 7.51676e-10 1.09773e-07 0.000163686 5.87645e-09
5.64622e-21 17.1287 0.000156797 2.28565e-06 1.01017e-06 6.88012e-09 7.5372e-10 9.96101e-08 0.000163103 5.18664e-09
6.8288e-21 16.4806 0.000157274 1.94782e-06 8.7234e-07 5.8824e-09 7.50542e-10 8.94813e-08 0.000162637 4.55244e-09
8.25907e-21 15.9574 0.000157672 1.66989e-06 7.52658e-07 5.02779e-09 7.4567e-10 7.97804e-08 0.000162248 3.97901e-09
9.9889e-21 15.5907 0.000158015 1.43227e-06 6.48388e-07 4.29299e-09 7.41614e-10 7.07068e-08 0.000161914 3.46597e-09
1.2081e-20 15.3925 0.000158314 1.22488e-06 5.57469e-07 3.66042e-09 7.3966e-10 6.23373e-08 0.000161624 3.00966e-09
1.46114e-20 15.3444 0.000158575 1.04367e-06 4.78246e-07 3.11611e-09 7.39594e-10 5.46768e-08 0.00016137 2.60476e-09
1.76717e-20 15.3935 0.0001588 8.87448e-07 4.09317e-07 2.64838e-09 7.39822e-10 4.76991e-08 0.000161152 2.24576e-09
2.1373e-20 15.4675 0.000158993 7.55213e-07 3.49464e-07 2.24708e-09 7.38142e-10 4.13763e-08 0.000160966 1.92804e-09
2.58495e-20 15.4954 0.000159155 6.44972e-07 2.97612e-07 1.90325e-09 7.32601e-10 3.56873e-08 0.000160809 1.64796e-09
3.12636e-20 15.4402 0.000159292 5.53435e-07 2.52807e-07 1.60905e-09 7.22476e-10 3.06157e-08 0.000160677 1.40265e-09
3.78116e-20 15.2851 0.000159407 4.77344e-07 2.14204e-07 1.3577e-09 7.07698e-10 2.61367e-08 0.000160567 1.18927e-09
4.57311e-20 15.0326 0.000159504 4.13758e-07 1.81048e-07 1.14336e-09 6.88724e-10 2.22164e-08 0.000160474 1.00491e-09
5.53094e-20 14.6989 0.000159586 3.60204e-07 1.52664e-07 9.61001e-10 6.66323e-10 1.88126e-08 0.000160395 8.46608e-10
6.68938e-20 14.3077 0.000159656 3.14691e-07 1.28446e-07 8.06212e-10 6.41388e-10 1.5878e-08 0.000160328 7.11418e-10
8.09045e-20 13.8853 0.000159716 2.7567e-07 1.07849e-07 6.75156e-10 6.1479e-10 1.33632e-08 0.000160271 5.96501e-10
9.78496e-20 13.4558 0.000159767 2.4195e-07 9.03857e-08 5.64475e-10 5.87286e-10 1.12192e-08 0.000160222 4.99201e-10
1.18344e-19 13.0382 0.000159811 2.12637e-07 7.56224e-08 4.7123e-10 5.59457e-10 9.39922e-09 0.000160179 4.17089e-10
1.43131e-19 12.6456 0.000159849 1.87053e-07 6.31753e-08 3.92858e-10 5.3171e-10 7.85999e-09 0.000160143 3.47987e-10
1.73109e-19 12.2859 0.000159882 1.64674e-07 5.27067e-08 3.27129e-10 5.04313e-10 6.56229e-09 0.000160111 2.89972e-10
2.09366e-19 11.9626 0.000159911 1.45062e-07 4.39217e-08 2.72111e-10 4.77549e-10 5.47124e-09 0.000160084 2.41367e-10
2.53217e-19 11.6762 0.000159935 1.27884e-07 3.65639e-08 2.2614e-10 4.51522e-10 4.55607e-09 0.00016006 2.00719e-10
3.06253e-19 11.4255 0.000159957 1.12844e-07 3.0412e-08 1.87787e-10 4.26129e-10 3.78991e-09 0.00016004 1.66774e-10
3.70396e-19 11.2079 0.000159975 9.97043e-08 2.52761e-08 1.55833e-10 4.0122e-10 3.1496e-09 0.000160022 1.38464e-10
4.47975e-19 11.0205 0.000159991 8.81775e-08 2.09941e-08 1.29243e-10 3.77462e-10 2.61545e-09 0.000160007 1.1489e-10
5.41802e-19 10.8601 0.000160005 7.8105e-08 1.74278e-08 1.07136e-10 3.53956e-10 2.17027e-09 0.000159993 9.52703e-11
6.5528e-19 10.7234 0.000160016 6.92676e-08 1.44606e-08 8.87739e-11 3.31101e-10 1.79976e-09 0.000159982 7.89615e-11
7.92526e-19 10.6073 0.000160027 6.16157e-08 1.19937e-08 7.35326e-11 3.0794e-10 1.49161e-09 0.000159972 6.54111e-11
9.58519e-19 10.509 0.000160035 5.48615e-08 9.94439e-09 6.08899e-11 2.85572e-10 1.23566e-09 0.000159964 5.41661e-11
1.15928e-18 10.4262 0.000160043 4.88688e-08 8.24318e-09 5.04101e-11 2.66977e-10 1.02344e-09 0.000159956 4.48486e-11
1.40208e-18 10.3564 0.00016005 4.36182e-08 6.83128e-09 4.17246e-11 2.478e-10 8.47289e-10 0.00015995 3.71195e-11
1.69575e-18 10.2978 0.000160056 3.89535e-08 5.66015e-09 3.45299e-11 2.30328e-10 7.01289e-10 0.000159944 3.07164e-11
2.05092e-18 10.2486 0.000160061 3.48947e-08 4.68896e-09 2.85714e-11 2.12722e-10 5.80263e-10 0.000159939 2.54107e-11
2.48047e-18 10.2074 0.000160065 3.12519e-08 3.88391e-09 2.36384e-11 1.96997e-10 4.80045e-10 0.000159935 2.10187e-11
3e-18 10.1729 0.000160069 2.80443e-08 3.21669e-09 1.95551e-11 1.81845e-10 3.97052e-10 0.000159931 1.73826e-11
