2e-26 10052.9 1e-20 4.80978e-10 0.0001601 1e-20 1e-20 1e-20 0.000320001 8.99448e-19
2.41889e-26 9958.11 1e-20 5.34475e-10 0.0001601 1e-20 1e-20 1e-20 0.000320001 1.09862e-18
2.92552e-26 9867.02 1e-20 5.94079e-10 0.0001601 1e-20 1e-20 1e-20 0.000320001 1.3455e-18
3.53826e-26 9778.76 1e-20 6.60538e-10 0.0001601 1e-20 1e-20 1e-20 0.000320001 1.65329e-18
4.27934e-26 9692.41 1e-20 7.34697e-10 0.0001601 1e-20 1e-20 1e-20 0.000320001 2.03938e-18
5.17564e-26 9606.98 1e-20 8.17505e-10 0.0001601 1e-20 1e-20 1e-20 0.000320001 2.52677e-18
6.25966e-26 9521.38 1e-20 9.10032e-10 0.0001601 1e-20 1e-20 1e-20 0.000320001 3.14595e-18
7.57072e-26 9434.38 1e-20 1.01348e-09 0.0001601 1e-20 1e-20 1e-20 0.000320001 3.93735e-18
9.15639e-26 9344.54 1e-20 1.12917e-09 0.000160099 1.37094e-20 1e-20 1e-20 0.000320001 4.95446e-18
1.10742e-25 9250.11 1e-20 1.25859e-09 0.000160099 2.13128e-20 1e-20 1e-20 0.000320001 6.26772e-18
1.33936e-25 9148.82 1e-20 1.40336e-09 0.000160099 3.31596e-20 1e-20 1e-20 0.000320001 7.96906e-18
1.61989e-25 9037.63 1e-20 1.56522e-09 0.000160099 5.16057e-20 1e-20 1e-20 0.000320001 1.01769e-17
1.95917e-25 8912.16 1e-20 1.74602e-09 0.000160099 8.02822e-20 1e-20 1e-20 0.000320001 1.3041e-17
2.36951e-25 8765.63 1e-20 1.94771e-09 0.000160099 1.24743e-19 1e-20 1e-20 0.000320001 1.67472e-17
2.86579e-25 8586.64 1e-20 2.17231e-09 0.000160098 1.93395e-19 1e-20 1e-20 0.000320001 2.15223e-17
3.46603e-25 8353.54 1e-20 2.42218e-09 0.000160098 2.98818e-19 1e-20 1e-20 0.000320001 2.76518e-17
4.19197e-25 8018.66 1e-20 2.70175e-09 0.000160098 4.59751e-19 1e-20 1.08739e-20 0.000320001 3.55869e-17
5.06997e-25 7460.65 1e-20 3.02751e-09 0.000160098 7.06497e-19 1e-20 1.74299e-20 0.000320001 4.66658e-17
6.13186e-25 6734.12 1e-20 3.4412e-09 0.000160097 1.10425e-18 1e-20 2.9443e-20 0.000320001 6.44209e-17
7.41616e-25 5568.35 1e-20 4.02232e-09 0.000160097 1.84792e-18 1e-20 5.90518e-20 0.000320001 1.05467e-16
8.96945e-25 4496.28 1e-20 4.7612e-09 0.000160096 3.36681e-18 1e-20 1.34339e-19 0.000320001 1.95601e-16
1.08481e-24 3580.93 1e-20 5.6786e-09 0.000160095 6.59485e-18 1e-20 3.1434e-19 0.000320001 3.72605e-16
1.31202e-24 2828.05 1.07784e-20 6.81774e-09 0.000160094 1.35906e-17 1e-20 6.66139e-19 0.000320001 6.41843e-16
1.58681e-24 2219.31 2.82948e-20 8.23928e-09 0.000160092 2.90405e-17 1e-20 1.25111e-18 0.000320001 9.78237e-16
1.91917e-24 1630.03 8.31574e-20 1.01823e-08 0.00016009 6.98997e-17 1e-20 2.33385e-18 0.000320001 1.47811e-15
2.32113e-24 1141.77 2.87655e-19 1.28309e-08 0.000160088 1.9641e-16 1e-20 4.92048e-18 0.000320001 2.51912e-15
2.80728e-24 685.391 4.79208e-16 1.70077e-08 0.000160084 2.49364e-13 2.16847e-18 5.13033e-15 0.000320001 2.11851e-12
3.39526e-24 470.117 2.47174e-15 2.19509e-08 0.000160079 9.89177e-13 9.3056e-18 2.22514e-14 0.000320001 7.39324e-12
4.10639e-24 339.046 1.04436e-14 2.81706e-08 0.000160072 3.15749e-12 4.08178e-17 9.78432e-14 0.000320001 2.60885e-11
4.96646e-24 258.002 3.95771e-14 3.58961e-08 0.000160065 8.79629e-12 1.78e-16 4.22928e-13 0.000320001 9.02333e-11
6.00666e-24 205.521 1.42223e-13 4.54587e-08 0.000160055 2.2596e-11 7.47281e-16 1.73944e-12 0.000320001 2.96018e-10
7.26474e-24 170.348 4.96345e-13 5.71585e-08 0.000160043 5.44142e-11 2.91792e-15 6.56074e-12 0.000320001 8.87516e-10
8.78632e-24 147.195 1.62772e-12 7.08635e-08 0.00016003 1.20614e-10 1.00602e-14 2.13601e-11 0.000320001 2.28831e-09
1.06266e-23 132.194 4.7977e-12 8.60685e-08 0.000160014 2.38957e-10 2.91288e-14 5.66534e-11 0.000320001 4.78704e-09
1.28523e-23 122.335 1.23846e-11 1.02614e-07 0.000159998 4.20722e-10 7.03979e-14 1.21801e-10 0.00032 8.08206e-09
1.55442e-23 115.327 2.86728e-11 1.21454e-07 0.000159978 6.72986e-10 1.46355e-13 2.21136e-10 0.00032 1.14689e-08
1.87998e-23 109.693 6.09254e-11 1.44682e-07 0.000159955 1.00657e-09 2.70546e-13 3.55149e-10 0.00032 1.43248e-08
2.27374e-23 104.579 1.22417e-10 1.75558e-07 0.000159923 1.44085e-09 4.54539e-13 5.21798e-10 0.00032 1.6282e-08
2.74997e-23 99.5006 2.36932e-10 2.19053e-07 0.000159879 2.00656e-09 7.02278e-13 7.16275e-10 0.00032 1.71959e-08
3.32594e-23 94.2365 4.47736e-10 2.8288e-07 0.000159815 2.74921e-09 1.00513e-12 9.31162e-10 0.000319999 1.71033e-08
4.02255e-23 88.6747 8.36784e-10 3.7961e-07 0.000159716 3.73444e-09 1.34008e-12 1.15709e-09 0.000319999 1.61708e-08
4.86506e-23 82.8158 1.56532e-09 5.30045e-07 0.000159564 5.05617e-09 1.67648e-12 1.38523e-09 0.000319998 1.46533e-08
5.88403e-23 76.7592 2.95598e-09 7.69492e-07 0.000159321 6.84851e-09 1.98569e-12 1.60903e-09 0.000319996 1.28258e-08
7.11642e-23 70.7013 5.69965e-09 1.15856e-06 0.000158927 9.30256e-09 2.25055e-12 1.82562e-09 0.000319993 1.09308e-08
8.60693e-23 64.8825 1.13286e-08 1.80239e-06 0.000158274 1.26885e-08 2.46765e-12 2.03531e-09 0.000319987 9.14286e-09
1.04096e-22 59.4978 2.34816e-08 2.88463e-06 0.000157175 1.73801e-08 2.64282e-12 2.2399e-09 0.000319975 7.56179e-09
1.25899e-22 54.6549 5.15984e-08 4.72425e-06 0.000155301 2.38696e-08 2.78599e-12 2.44165e-09 0.000319947 6.22799e-09
1.52268e-22 50.3831 1.22703e-07 7.85802e-06 0.000152087 3.27351e-08 2.91115e-12 2.64569e-09 0.000319875 5.14583e-09
1.8416e-22 46.6205 3.33517e-07 1.31167e-05 0.000146606 4.44674e-08 3.04302e-12 2.86739e-09 0.000319664 4.30261e-09
2.22732e-22 43.0234 1.12197e-06 2.15424e-05 0.000137377 5.89419e-08 3.22811e-12 3.14405e-09 0.000318875 3.67755e-09
2.69382e-22 38.3047 3.97355e-06 3.16129e-05 0.000124442 7.23873e-08 3.34846e-12 3.36647e-09 0.000316024 3.17962e-09
3.25804e-22 32.6629 8.36473e-06 3.7609e-05 0.000114047 7.98938e-08 3.03455e-12 3.1928e-09 0.000311633 2.65416e-09
3.94042e-22 26.5849 1.46961e-05 4.10826e-05 0.000104238 8.37724e-08 2.56812e-12 2.86416e-09 0.000305302 2.16467e-09
4.76573e-22 21.0663 2.28143e-05 4.24914e-05 9.47098e-05 8.50971e-08 2.11319e-12 2.50338e-09 0.000297184 1.74898e-09
5.7639e-22 16.849 3.55931e-05 4.16232e-05 8.28002e-05 8.40815e-08 1.92677e-12 2.30462e-09 0.000284405 1.47294e-09
6.97113e-22 14.1418 5.60617e-05 3.75574e-05 6.64017e-05 7.98051e-08 2.26891e-12 2.46768e-09 0.000263936 1.38326e-09
8.43121e-22 12.8672 8.3941e-05 2.98929e-05 4.6196e-05 7.06742e-08 3.93808e-12 3.42767e-09 0.000236056 1.55348e-09
1.01971e-21 12.3771 0.000109907 2.16066e-05 2.85292e-05 5.79054e-08 8.85149e-12 5.93717e-09 0.000210088 2.00261e-09
1.23328e-21 12.2907 0.000128411 1.52618e-05 1.63829e-05 4.43953e-08 2.22653e-11 1.17583e-08 0.000191577 2.77012e-09
1.49159e-21 12.3455 0.000138997 1.16598e-05 9.41079e-06 3.31998e-08 5.28303e-11 2.3087e-08 0.000180981 3.75472e-09
1.804e-21 12.4651 0.000144763 9.74916e-06 5.56389e-06 2.47143e-08 1.11923e-10 4.15685e-08 0.000175196 4.8061e-09
2.18184e-21 12.6414 0.000147881 8.73053e-06 3.46997e-06 1.87645e-08 2.05257e-10 6.5224e-08 0.000172054 5.69128e-09
2.63882e-21 12.8874 0.000150032 7.71829e-06 2.33502e-06 1.47109e-08 3.23504e-10 8.74803e-08 0.000169881 6.20466e-09
3.19152e-21 13.217 0.00015204 6.30923e-06 1.73906e-06 1.19256e-08 4.37146e-10 1.00827e-07 0.000167859 6.24669e-09
3.85997e-21 13.6247 0.000153889 4.79287e-06 1.40828e-06 9.88097e-09 5.27321e-10 1.04318e-07 0.000166007 5.94964e-09
4.66843e-21 14.0831 0.00015534 3.56382e-06 1.1881e-06 8.28235e-09 5.9763e-10 1.01542e-07 0.000164559 5.49831e-09
5.64622e-21 14.5748 0.000156372 2.70347e-06 1.017e-06 6.99033e-09 6.53852e-10 9.54729e-08 0.000163532 4.9909e-09
6.8288e-21 15.111 0.000157107 2.11287e-06 8.74415e-07 5.92471e-09 6.99506e-10 8.7834e-08 0.000162805 4.4733e-09
8.25907e-21 15.6801 0.00015765 1.69272e-06 7.52532e-07 5.03368e-09 7.36527e-10 7.95854e-08 0.000162271 3.96944e-09
9.9889e-21 16.2753 0.00015807 1.37872e-06 6.47292e-07 4.28147e-09 7.66761e-10 7.12888e-08 0.000161859 3.49358e-09
1.2081e-20 16.8955 0.000158406 1.1344e-06 5.56036e-07 3.64233e-09 7.91628e-10 6.32634e-08 0.000161531 3.05335e-09
1.46114e-20 17.5403 0.000158681 9.39302e-07 4.76778e-07 3.09704e-09 8.11965e-10 5.56886e-08 0.000161263 2.65205e-09
1.76717e-20 18.209 0.000158908 7.81034e-07 4.07931e-07 2.63063e-09 8.28253e-10 4.86658e-08 0.000161043 2.29052e-09
2.1373e-20 18.9154 0.000159098 6.51035e-07 3.48175e-07 2.23117e-09 8.41183e-10 4.22515e-08 0.000160859 1.96821e-09
2.58495e-20 19.6533 0.000159258 5.438e-07 2.96403e-07 1.88904e-09 8.50722e-10 3.64627e-08 0.000160706 1.68327e-09
3.12636e-20 20.4483 0.000159392 4.54613e-07 2.51649e-07 1.59618e-09 8.57591e-10 3.12978e-08 0.000160577 1.4335e-09
3.78116e-20 21.2953 0.000159505 3.80442e-07 2.13078e-07 1.34591e-09 8.61571e-10 2.67323e-08 0.000160468 1.21603e-09
4.57311e-20 22.1634 0.0001596 3.19029e-07 1.79949e-07 1.13253e-09 8.61884e-10 2.27294e-08 0.000160377 1.02783e-09
5.53094e-20 23.0426 0.000159679 2.68178e-07 1.51593e-07 9.51051e-10 8.58329e-10 1.92477e-08 0.000160301 8.65962e-10
6.68938e-20 23.9389 0.000159746 2.2597e-07 1.27408e-07 7.97093e-10 8.51071e-10 1.62416e-08 0.000160238 7.27524e-10
8.09045e-20 24.8146 0.000159801 1.91084e-07 1.06855e-07 6.66863e-10 8.39491e-10 1.36617e-08 0.000160185 6.09681e-10
9.78496e-20 25.6292 0.000159847 1.62333e-07 8.94488e-08 5.57015e-10 8.23169e-10 1.14599e-08 0.000160141 5.098e-10
1.18344e-19 26.3444 0.000159886 1.38667e-07 7.47555e-08 4.64604e-10 8.01968e-10 9.59007e-09 0.000160104 4.25472e-10
1.43131e-19 26.923 0.000159918 1.19187e-07 6.23878e-08 3.87051e-10 7.75967e-10 8.00893e-09 0.000160074 3.54517e-10
1.73109e-19 27.3367 0.000159944 1.03129e-07 5.20042e-08 3.22109e-10 7.45369e-10 6.67683e-09 0.000160049 2.94986e-10
2.09366e-19 27.1416 0.000159966 9.06418e-08 4.33207e-08 2.67931e-10 7.06432e-10 5.55701e-09 0.000160029 2.45119e-10
2.53217e-19 26.7093 0.000159983 8.02453e-08 3.60593e-08 2.22714e-10 6.65339e-10 4.61968e-09 0.000160012 2.03499e-10
3.06253e-19 26.2471 0.000159999 7.12701e-08 2.99909e-08 1.84989e-10 6.23932e-10 3.83689e-09 0.000159998 1.68826e-10
3.70396e-19 25.7532 0.000160011 6.3508e-08 2.4927e-08 1.53558e-10 5.82881e-10 3.18427e-09 0.000159985 1.39978e-10
4.47975e-19 25.2263 0.000160022 5.67435e-08 2.07065e-08 1.27402e-10 5.43099e-10 2.64097e-09 0.000159975 1.16004e-10
5.41802e-19 24.6627 0.000160032 5.08824e-08 1.71926e-08 1.05654e-10 5.03594e-10 2.18906e-09 0.000159966 9.60908e-11
6.5528e-19 24.0599 0.00016004 4.57512e-08 1.42697e-08 8.75889e-11 4.66543e-10 1.81371e-09 0.000159958 7.95704e-11
7.92526e-19 23.4124 0.000160047 4.1268e-08 1.18401e-08 7.25917e-11 4.30479e-10 1.50206e-09 0.000159952 6.58678e-11
9.58519e-19 22.715 0.000160053 3.73458e-08 9.82169e-09 6.01486e-11 3.95167e-10 1.24348e-09 0.000159946 5.45077e-11
1.15928e-18 21.9642 0.000160058 3.39001e-08 8.14596e-09 4.98305e-11 3.62976e-10 1.02916e-09 0.000159941 4.50988e-11
1.40208e-18 21.1543 0.000160063 3.09536e-08 6.75494e-09 4.12757e-11 3.26295e-10 8.51341e-10 0.000159937 3.72966e-11
1.69575e-18 20.2918 0.000160066 2.82948e-08 5.60101e-09 3.41871e-11 2.96285e-10 7.04224e-10 0.000159933 3.08447e-11
2.05092e-18 19.3958 0.00016007 2.5906e-08 4.64382e-09 2.83137e-11 2.70765e-10 5.82476e-10 0.00015993 2.55075e-11
2.48047e-18 18.4769 0.000160073 2.38017e-08 3.8498e-09 2.34471e-11 2.44862e-10 4.81652e-10 0.000159927 2.1089e-11
3e-18 17.5581 0.000160075 2.19205e-08 3.19122e-09 1.94151e-11 2.19469e-10 3.98202e-10 0.000159925 1.74329e-11
