2e-27 11839.2 1e-20 1.33609e-10 0.0001601 1e-20 1e-20 1e-20 0.000320001 7.99211e-20
2.22403e-27 11717.9 1e-20 1.4191e-10 0.0001601 1e-20 1e-20 1e-20 0.000320001 8.9968e-20
2.47316e-27 11601.2 1e-20 1.50695e-10 0.0001601 1e-20 1e-20 1e-20 0.000320001 1.01156e-19
2.75019e-27 11489.4 1e-20 1.59991e-10 0.0001601 1e-20 1e-20 1e-20 0.000320001 1.1361e-19
3.05826e-27 11382.2 1e-20 1.6983e-10 0.0001601 1e-20 1e-20 1e-20 0.000320001 1.27465e-19
3.40083e-27 11279.5 1e-20 1.80242e-10 0.0001601 1e-20 1e-20 1e-20 0.000320001 1.42873e-19
3.78178e-27 11181 1e-20 1.91263e-10 0.0001601 1e-20 1e-20 1e-20 0.000320001 1.60004e-19
4.2054e-27 11086.5 1e-20 2.02931e-10 0.0001601 1e-20 1e-20 1e-20 0.000320001 1.79047e-19
4.67647e-27 10995.9 1e-20 2.15284e-10 0.0001601 1e-20 1e-20 1e-20 0.000320001 2.00213e-19
5.20031e-27 10909 1e-20 2.28365e-10 0.0001601 1e-20 1e-20 1e-20 0.000320001 2.23739e-19
5.78283e-27 10825.6 1e-20 2.42218e-10 0.0001601 1e-20 1e-20 1e-20 0.000320001 2.49892e-19
6.43059e-27 10745.5 1e-20 2.56891e-10 0.0001601 1e-20 1e-20 1e-20 0.000320001 2.78971e-19
7.15092e-27 10668.6 1e-20 2.72436e-10 0.0001601 1e-20 1e-20 1e-20 0.000320001 3.11315e-19
7.95194e-27 10594.6 1e-20 2.88908e-10 0.0001601 1e-20 1e-20 1e-20 0.000320001 3.47305e-19
8.84269e-27 10523.4 1e-20 3.06363e-10 0.0001601 1e-20 1e-20 1e-20 0.000320001 3.87374e-19
9.83321e-27 10454.9 1e-20 3.24866e-10 0.0001601 1e-20 1e-20 1e-20 0.000320001 4.32015e-19
1.09347e-26 10388.8 1e-20 3.44482e-10 0.0001601 1e-20 1e-20 1e-20 0.000320001 4.81787e-19
1.21595e-26 10325.1 1e-20 3.65283e-10 0.0001601 1e-20 1e-20 1e-20 0.000320001 5.3733e-19
1.35216e-26 10263.5 1e-20 3.87344e-10 0.0001601 1e-20 1e-20 1e-20 0.000320001 5.99374e-19
1.50362e-26 10203.9 1e-20 4.10749e-10 0.0001601 1e-20 1e-20 1e-20 0.000320001 6.68759e-19
1.67205e-26 10146.1 1e-20 4.35582e-10 0.0001601 1e-20 1e-20 1e-20 0.000320001 7.46448e-19
1.85935e-26 10090 1e-20 4.61939e-10 0.0001601 1e-20 1e-20 1e-20 0.000320001 8.33552e-19
2.06763e-26 10035.5 1e-20 4.89919e-10 0.0001601 1e-20 1e-20 1e-20 0.000320001 9.31352e-19
2.29923e-26 9982.28 1e-20 5.19629e-10 0.0001601 1e-20 1e-20 1e-20 0.000320001 1.04133e-18
2.55679e-26 9930.32 1e-20 5.51183e-10 0.0001601 1e-20 1e-20 1e-20 0.000320001 1.16522e-18
2.84319e-26 9879.43 1e-20 5.84703e-10 0.0001601 1e-20 1e-20 1e-20 0.000320001 1.305e-18
3.16167e-26 9829.45 1e-20 6.20321e-10 0.0001601 1e-20 1e-20 1e-20 0.000320001 1.46301e-18
3.51583e-26 9780.21 1e-20 6.58176e-10 0.0001601 1e-20 1e-20 1e-20 0.000320001 1.64196e-18
3.90965e-26 9731.55 1e-20 6.98419e-10 0.0001601 1e-20 1e-20 1e-20 0.000320001 1.84502e-18
4.3476e-26 9683.29 1e-20 7.41209e-10 0.0001601 1e-20 1e-20 1e-20 0.000320001 2.07588e-18
4.8346e-26 9635.26 1e-20 7.86718e-10 0.0001601 1e-20 1e-20 1e-20 0.000320001 2.33887e-18
5.37615e-26 9587.26 1e-20 8.35127e-10 0.0001601 1e-20 1e-20 1e-20 0.000320001 2.63907e-18
5.97836e-26 9539.09 1e-20 8.86631e-10 0.0001601 1e-20 1e-20 1e-20 0.000320001 2.9824e-18
6.64804e-26 9490.53 1e-20 9.41436e-10 0.0001601 1e-20 1e-20 1e-20 0.000320001 3.3758e-18
7.39272e-26 9441.34 1e-20 9.99763e-10 0.0001601 1e-20 1e-20 1e-20 0.000320001 3.8274e-18
8.22082e-26 9391.26 1e-20 1.06184e-09 0.0001601 1.06806e-20 1e-20 1e-20 0.000320001 4.34667e-18
9.14169e-26 9339.98 1e-20 1.12793e-09 0.000160099 1.36569e-20 1e-20 1e-20 0.000320001 4.94471e-18
1.01657e-25 9287.18 1e-20 1.19827e-09 0.000160099 1.74689e-20 1e-20 1e-20 0.000320001 5.63438e-18
1.13044e-25 9232.46 1e-20 1.27315e-09 0.000160099 2.23516e-20 1e-20 1e-20 0.000320001 6.43064e-18
1.25707e-25 9175.39 1e-20 1.35285e-09 0.000160099 2.86054e-20 1e-20 1e-20 0.000320001 7.35078e-18
1.39788e-25 9115.4 1e-20 1.43766e-09 0.000160099 3.66139e-20 1e-20 1e-20 0.000320001 8.4147e-18
1.55447e-25 9051.86 1e-20 1.5279e-09 0.000160099 4.68659e-20 1e-20 1e-20 0.000320001 9.64517e-18
1.72859e-25 8983.94 1e-20 1.62389e-09 0.000160099 5.99831e-20 1e-20 1e-20 0.000320001 1.10681e-17
1.92222e-25 8910.62 1e-20 1.72595e-09 0.000160099 7.67547e-20 1e-20 1e-20 0.000320001 1.27129e-17
2.13754e-25 8830.56 1e-20 1.83441e-09 0.000160099 9.81789e-20 1e-20 1e-20 0.000320001 1.46123e-17
2.37698e-25 8741.97 1e-20 1.9496e-09 0.000160099 1.25515e-19 1e-20 1e-20 0.000320001 1.68033e-17
2.64324e-25 8642.37 1e-20 2.07188e-09 0.000160099 1.60345e-19 1e-20 1e-20 0.000320001 1.93272e-17
2.93932e-25 8528.19 1e-20 2.20164e-09 0.000160098 2.04648e-19 1e-20 1e-20 0.000320001 2.22309e-17
3.26858e-25 8394.08 1e-20 2.33934e-09 0.000160098 2.60894e-19 1e-20 1e-20 0.000320001 2.55707e-17
3.63471e-25 8231.52 1e-20 2.4857e-09 0.000160098 3.32162e-19 1e-20 1e-20 0.000320001 2.94215e-17
4.04185e-25 8026.18 1e-20 2.6421e-09 0.000160098 4.22345e-19 1e-20 1e-20 0.000320001 3.39041e-17
4.49461e-25 7752.76 1e-20 2.81173e-09 0.000160098 5.36643e-19 1e-20 1.29138e-20 0.000320001 3.92683e-17
4.99807e-25 7368.82 1e-20 3.00258e-09 0.000160098 6.83239e-19 1e-20 1.69781e-20 0.000320001 4.61485e-17
5.55794e-25 7065.45 1e-20 3.21706e-09 0.000160097 8.74408e-19 1e-20 2.24213e-20 0.000320001 5.44584e-17
6.18051e-25 6433.01 1e-20 3.48509e-09 0.000160097 1.13843e-18 1e-20 3.15761e-20 0.000320001 6.85092e-17
6.87283e-25 5753.52 1e-20 3.8077e-09 0.000160097 1.52465e-18 1e-20 4.71011e-20 0.000320001 9.12538e-17
7.6427e-25 5102.05 1e-20 4.17863e-09 0.000160096 2.10174e-18 1e-20 7.35632e-20 0.000320001 1.27217e-16
8.4988e-25 4497.79 1e-20 4.59879e-09 0.000160096 2.97783e-18 1e-20 1.18583e-19 0.000320001 1.82976e-16
9.4508e-25 3945.11 1e-20 5.07395e-09 0.000160096 4.32445e-18 1e-20 1.93112e-19 0.000320001 2.65758e-16
1.05094e-24 3448.12 1e-20 5.61074e-09 0.000160095 6.40625e-18 1e-20 3.08635e-19 0.000320001 3.78647e-16
1.16867e-24 3004.47 1e-20 6.21803e-09 0.000160094 9.64309e-18 1e-20 4.73455e-19 0.000320001 5.17577e-16
1.29958e-24 2610.21 1.14906e-20 6.90664e-09 0.000160094 1.4707e-17 1e-20 6.93322e-19 0.000320001 6.75032e-16
1.44515e-24 2262.94 1.98404e-20 7.68791e-09 0.000160093 2.26657e-17 1e-20 9.80476e-19 0.000320001 8.49752e-16
1.60703e-24 1932.38 3.51215e-20 8.60473e-09 0.000160092 3.59048e-17 1e-20 1.37326e-18 0.000320001 1.05885e-15
1.78704e-24 1571.77 6.69542e-20 9.77029e-09 0.000160091 6.13349e-17 1e-20 1.9716e-18 0.000320001 1.3517e-15
1.98722e-24 1271.62 1.31953e-19 1.11363e-08 0.000160089 1.07906e-16 1e-20 2.92356e-18 0.000320001 1.78108e-15
2.20982e-24 1026.11 2.76495e-19 1.27354e-08 0.000160088 2.00925e-16 1e-20 4.63098e-18 0.000320001 2.50541e-15
2.45735e-24 743.181 1.91549e-16 1.50412e-08 0.000160086 1.17583e-13 9.55234e-19 2.37255e-15 0.000320001 1.13911e-12
2.73262e-24 590.392 5.23979e-16 1.7375e-08 0.000160083 2.81932e-13 2.1793e-18 5.4605e-15 0.000320001 2.32495e-12
3.03871e-24 475.668 1.28395e-15 2.00515e-08 0.000160081 5.99452e-13 4.75675e-18 1.20088e-14 0.000320001 4.53097e-12
3.3791e-24 389.683 2.93843e-15 2.30929e-08 0.000160078 1.17861e-12 1.03597e-17 2.62831e-14 0.000320001 8.78085e-12
3.75761e-24 325.017 6.34975e-15 2.65294e-08 0.000160074 2.18476e-12 2.26403e-17 5.75285e-14 0.000320001 1.70041e-11
4.17852e-24 275.703 1.32399e-14 3.04027e-08 0.00016007 3.87954e-12 4.95435e-17 1.25633e-13 0.000320001 3.28254e-11
4.64658e-24 237.44 2.69747e-14 3.4778e-08 0.000160066 6.68202e-12 1.08144e-16 2.72798e-13 0.000320001 6.29488e-11
5.16708e-24 207.291 5.42196e-14 3.97206e-08 0.000160061 1.12606e-11 2.34818e-16 5.87388e-13 0.000320001 1.1959e-10
5.74587e-24 183.117 1.07983e-13 4.52985e-08 0.000160055 1.86647e-11 5.05712e-16 1.25034e-12 0.000320001 2.24381e-10
6.3895e-24 163.778 2.14321e-13 5.15764e-08 0.000160049 3.04825e-11 1.07471e-15 2.61668e-12 0.000320001 4.13467e-10
7.10523e-24 148.268 4.22466e-13 5.85666e-08 0.000160042 4.89926e-11 2.2398e-15 5.34352e-12 0.000320001 7.42627e-10
7.90112e-24 135.849 8.22347e-13 6.62707e-08 0.000160034 7.71622e-11 4.52969e-15 1.05245e-11 0.000320001 1.28498e-09
8.78618e-24 125.957 1.56685e-12 7.46122e-08 0.000160026 1.18349e-10 8.79153e-15 1.9738e-11 0.000320001 2.11458e-09
9.77037e-24 118.103 2.8969e-12 8.34993e-08 0.000160017 1.7571e-10 1.62157e-14 3.48611e-11 0.000320001 3.27296e-09
1.08648e-23 111.836 5.15893e-12 9.28734e-08 0.000160007 2.51654e-10 2.82794e-14 5.76755e-11 0.000320001 4.73909e-09
1.20818e-23 106.742 8.81508e-12 1.02763e-07 0.000159997 3.47765e-10 4.66595e-14 8.95117e-11 0.000320001 6.42823e-09
1.34352e-23 102.465 1.45346e-11 1.13337e-07 0.000159987 4.65195e-10 7.3146e-14 1.3112e-10 0.00032 8.21804e-09
1.49401e-23 98.7015 2.3222e-11 1.24906e-07 0.000159975 6.05197e-10 1.09556e-13 1.82743e-10 0.00032 9.98112e-09
1.66137e-23 95.2722 3.59831e-11 1.37891e-07 0.000159962 7.69585e-10 1.5766e-13 2.44278e-10 0.00032 1.1609e-08
1.84747e-23 92.0012 5.45088e-11 1.52848e-07 0.000159947 9.60919e-10 2.18976e-13 3.15323e-10 0.00032 1.3018e-08
2.05441e-23 88.7731 8.11236e-11 1.70473e-07 0.000159929 1.1827e-09 2.94545e-13 3.95222e-10 0.00032 1.41514e-08
2.28454e-23 85.5091 1.1877e-10 1.91733e-07 0.000159907 1.43952e-09 3.84304e-13 4.82831e-10 0.00032 1.4969e-08
2.54045e-23 82.1584 1.71905e-10 2.17699e-07 0.000159881 1.73715e-09 4.87675e-13 5.77088e-10 0.00032 1.54643e-08
2.82502e-23 78.6985 2.46664e-10 2.49923e-07 0.000159848 2.08283e-09 6.02303e-13 6.76315e-10 0.00032 1.56378e-08
3.14146e-23 75.132 3.51141e-10 2.9044e-07 0.000159807 2.48546e-09 7.24486e-13 7.78596e-10 0.000319999 1.55066e-08
3.49336e-23 71.4847 4.97669e-10 3.41826e-07 0.000159755 2.95597e-09 8.50078e-13 8.82223e-10 0.000319999 1.51079e-08
3.88467e-23 67.8002 7.038e-10 4.07528e-07 0.000159689 3.5077e-09 9.74513e-13 9.85566e-10 0.000319999 1.44873e-08
4.31981e-23 64.1315 9.95169e-10 4.92146e-07 0.000159603 4.15694e-09 1.0935e-12 1.08727e-09 0.000319999 1.36961e-08
4.8037e-23 60.5314 1.40898e-09 6.01803e-07 0.000159492 4.92356e-09 1.20372e-12 1.18645e-09 0.000319998 1.27875e-08
5.34179e-23 57.0457 2.00239e-09 7.4473e-07 0.000159348 5.83171e-09 1.30302e-12 1.28266e-09 0.000319997 1.18115e-08
5.94016e-23 53.7099 2.86078e-09 9.32034e-07 0.000159159 6.91081e-09 1.39046e-12 1.37586e-09 0.000319996 1.08115e-08
6.60555e-23 50.5488 4.11935e-09 1.17877e-06 0.00015891 8.1965e-09 1.46614e-12 1.46634e-09 0.000319995 9.82265e-09
7.34548e-23 47.577 5.97948e-09 1.50541e-06 0.000158579 9.73185e-09 1.5309e-12 1.55458e-09 0.000319993 8.87143e-09
8.16829e-23 44.8002 8.7736e-09 1.93988e-06 0.00015814 1.15686e-08 1.586e-12 1.64114e-09 0.00031999 7.97604e-09
9.08327e-23 42.2169 1.3026e-08 2.52024e-06 0.000157554 1.3768e-08 1.63285e-12 1.7266e-09 0.000319986 7.1478e-09
1.01007e-22 39.8486 1.94485e-08 3.27818e-06 0.000156787 1.63559e-08 1.66911e-12 1.80673e-09 0.000319979 6.39351e-09
1.12322e-22 37.9452 2.66482e-08 4.00405e-06 0.000156051 1.88419e-08 1.65794e-12 1.83164e-09 0.000319972 5.72198e-09
1.24904e-22 36.1695 3.69505e-08 4.90405e-06 0.000155138 2.16977e-08 1.64157e-12 1.85277e-09 0.000319962 5.1185e-09
1.38895e-22 34.5103 5.16859e-08 6.01901e-06 0.000154005 2.49682e-08 1.62097e-12 1.87049e-09 0.000319947 4.57906e-09
1.54453e-22 32.9562 7.31135e-08 7.39721e-06 0.000152602 2.86966e-08 1.59704e-12 1.88518e-09 0.000319926 4.09915e-09
1.71755e-22 31.4942 1.05668e-07 9.0936e-06 0.000150868 3.29192e-08 1.57057e-12 1.89728e-09 0.000319893 3.67404e-09
1.90994e-22 30.1115 1.52644e-07 1.11689e-05 0.000148741 3.76602e-08 1.54229e-12 1.9074e-09 0.000319846 3.29894e-09
2.12388e-22 28.791 2.24861e-07 1.36824e-05 0.00014615 4.29175e-08 1.51276e-12 1.91602e-09 0.000319774 2.96901e-09
2.36179e-22 27.5048 3.50938e-07 1.66753e-05 0.000143026 4.86378e-08 1.48186e-12 1.92287e-09 0.000319648 2.67904e-09
2.62635e-22 26.2346 5.358e-07 2.0177e-05 0.000139333 5.47364e-08 1.44926e-12 1.92819e-09 0.000319463 2.42422e-09
2.92054e-22 24.9113 8.68555e-07 2.41081e-05 0.000135063 6.09727e-08 1.41089e-12 1.92713e-09 0.00031913 2.19735e-09
3.24769e-22 23.4886 1.39916e-06 2.83306e-05 0.000130304 6.70699e-08 1.36218e-12 1.91476e-09 0.0003186 1.99197e-09
3.61148e-22 21.8144 2.35579e-06 3.23928e-05 0.00012528 7.24356e-08 1.2881e-12 1.87189e-09 0.000317643 1.79575e-09
4.01602e-22 19.9642 3.64387e-06 3.61499e-05 0.00012023 7.69646e-08 1.1909e-12 1.80036e-09 0.000316355 1.60823e-09
4.46588e-22 17.9534 5.42597e-06 3.92777e-05 0.000115316 8.0407e-08 1.07216e-12 1.69655e-09 0.000314573 1.427e-09
4.96613e-22 15.9621 7.58282e-06 4.19251e-05 0.00011051 8.3046e-08 9.49583e-13 1.57916e-09 0.000312416 1.25932e-09
5.52242e-22 14.0323 1.04005e-05 4.3902e-05 0.000105713 8.48018e-08 8.3133e-13 1.45381e-09 0.000309599 1.10638e-09
6.14102e-22 12.2747 1.40344e-05 4.53051e-05 0.000100675 8.58772e-08 7.30887e-13 1.33747e-09 0.000305965 9.73644e-10
6.82891e-22 10.8407 1.9669e-05 4.59871e-05 9.43583e-05 8.63022e-08 6.78016e-13 1.26425e-09 0.00030033 8.74599e-10
7.59386e-22 9.72403 2.82884e-05 4.54682e-05 8.62583e-05 8.57247e-08 6.83396e-13 1.2479e-09 0.000291711 8.11825e-10
8.44449e-22 8.96961 4.17955e-05 4.28476e-05 7.53741e-05 8.33854e-08 7.96392e-13 1.33306e-09 0.000278204 7.99628e-10
9.39041e-22 8.54068 5.95862e-05 3.809e-05 6.23455e-05 7.88936e-08 1.0878e-12 1.5693e-09 0.000260413 8.45312e-10
1.04423e-21 8.26072 7.80116e-05 3.2386e-05 4.96302e-05 7.2753e-08 1.61672e-12 1.9737e-09 0.000241987 9.35037e-10
1.1612e-21 8.09112 9.51482e-05 2.6641e-05 3.82459e-05 6.54744e-08 2.55447e-12 2.6334e-09 0.00022485 1.07321e-09
1.29127e-21 7.98352 0.000109861 2.14329e-05 2.87496e-05 5.75758e-08 4.18679e-12 3.67635e-09 0.000210136 1.26375e-09
1.43591e-21 7.9026 0.000121743 1.70567e-05 2.12514e-05 4.95937e-08 6.96806e-12 5.28408e-09 0.000198252 1.50945e-09
1.59676e-21 7.83631 0.000131024 1.35208e-05 1.55141e-05 4.18994e-08 1.16643e-11 7.73221e-09 0.000188969 1.8167e-09
1.77562e-21 7.77764 0.000137441 1.11602e-05 1.14643e-05 3.54389e-08 1.87192e-11 1.11092e-08 0.000182549 2.14909e-09
1.97452e-21 7.72159 0.000142104 9.44442e-06 8.52219e-06 2.98268e-08 2.92026e-11 1.56896e-08 0.000177881 2.50977e-09
2.1957e-21 7.66693 0.00014544 8.23211e-06 6.40333e-06 2.50887e-08 4.39378e-11 2.15541e-08 0.000174539 2.87848e-09
2.44165e-21 7.61137 0.000147786 7.40825e-06 4.88466e-06 2.11844e-08 6.33357e-11 2.85561e-08 0.000172186 3.22893e-09
2.71515e-21 7.55325 0.000149405 6.88203e-06 3.79535e-06 1.80239e-08 8.71656e-11 3.6296e-08 0.000170559 3.53522e-09
3.01929e-21 7.49182 0.000150481 6.59334e-06 3.0109e-06 1.55016e-08 1.14422e-10 4.41637e-08 0.000169476 3.77608e-09
3.3575e-21 7.42688 0.000151211 6.44234e-06 2.43405e-06 1.34646e-08 1.4421e-10 5.1621e-08 0.000168738 3.94745e-09
3.7336e-21 7.35873 0.000151747 6.33975e-06 2.00231e-06 1.1799e-08 1.75493e-10 5.81771e-08 0.000168196 4.04994e-09
4.15182e-21 7.28797 0.000152191 6.22273e-06 1.67642e-06 1.04281e-08 2.06838e-10 6.34052e-08 0.000167746 4.08479e-09
4.61689e-21 7.21552 0.000152624 6.03856e-06 1.4288e-06 9.28757e-09 2.36781e-10 6.70576e-08 0.00016731 4.05706e-09
5.13406e-21 7.14238 0.000153094 5.75841e-06 1.2393e-06 8.32492e-09 2.6405e-10 6.90881e-08 0.000166837 3.97514e-09
5.70915e-21 7.06939 0.000153616 5.38484e-06 1.09244e-06 7.49954e-09 2.87843e-10 6.96353e-08 0.000166315 3.85009e-09
6.34867e-21 6.99878 0.000154172 4.94511e-06 9.76065e-07 6.78088e-09 3.08064e-10 6.89697e-08 0.000165759 3.69452e-09
7.05982e-21 6.93085 0.000154732 4.48065e-06 8.81068e-07 6.14776e-09 3.24972e-10 6.73845e-08 0.0001652 3.51948e-09
7.85063e-21 6.8643 0.000155271 4.02261e-06 8.00927e-07 5.58367e-09 3.38989e-10 6.51456e-08 0.000164664 3.33365e-09
8.73003e-21 6.79972 0.00015577 3.59416e-06 7.31281e-07 5.07727e-09 3.50616e-10 6.24718e-08 0.000164168 3.14349e-09
9.70793e-21 6.73805 0.000156219 3.2077e-06 6.69369e-07 4.62037e-09 3.60271e-10 5.95266e-08 0.000163722 2.95339e-09
1.07954e-20 6.68062 0.000156616 2.86611e-06 6.13479e-07 4.2066e-09 3.68299e-10 5.64292e-08 0.000163327 2.76632e-09
1.20046e-20 6.62915 0.000156967 2.56673e-06 5.62535e-07 3.83085e-09 3.75006e-10 5.32671e-08 0.00016298 2.5843e-09
1.33493e-20 6.58572 0.000157276 2.30454e-06 5.15838e-07 3.48893e-09 3.80682e-10 5.01043e-08 0.000162674 2.40875e-09
1.48447e-20 6.55273 0.00015755 2.07368e-06 4.72899e-07 3.17733e-09 3.8561e-10 4.69877e-08 0.000162403 2.24063e-09
1.65075e-20 6.53285 0.000157795 1.86894e-06 4.33355e-07 2.89306e-09 3.90063e-10 4.39506e-08 0.000162161 2.08055e-09
1.83566e-20 6.52883 0.000158015 1.68591e-06 3.96912e-07 2.63356e-09 3.94295e-10 4.10164e-08 0.000161944 1.92883e-09
2.04129e-20 6.54666 0.000158214 1.52046e-06 3.63326e-07 2.39655e-09 3.98681e-10 3.82031e-08 0.000161748 1.78572e-09
2.26994e-20 6.5858 0.000158395 1.37065e-06 3.32377e-07 2.18009e-09 4.03252e-10 3.5516e-08 0.00016157 1.65095e-09
2.52421e-20 6.64734 0.00015856 1.23461e-06 3.03868e-07 1.98242e-09 4.08093e-10 3.29587e-08 0.000161408 1.52431e-09
2.80696e-20 6.73218 0.00015871 1.11093e-06 2.77618e-07 1.80193e-09 4.1325e-10 3.05325e-08 0.00016126 1.40549e-09
3.12139e-20 6.83959 0.000158846 9.98629e-07 2.53461e-07 1.63718e-09 4.18674e-10 2.82358e-08 0.000161125 1.29417e-09
3.47103e-20 6.96766 0.00015897 8.9697e-07 2.31243e-07 1.48685e-09 4.24247e-10 2.60663e-08 0.000161004 1.18999e-09
3.85984e-20 7.1135 0.000159083 8.05298e-07 2.10822e-07 1.34973e-09 4.29804e-10 2.40212e-08 0.000160893 1.0926e-09
4.29221e-20 7.27376 0.000159184 7.22952e-07 1.92065e-07 1.2247e-09 4.35161e-10 2.20976e-08 0.000160794 1.00171e-09
4.773e-20 7.44506 0.000159275 6.4923e-07 1.7485e-07 1.11075e-09 4.40144e-10 2.02927e-08 0.000160705 9.17026e-10
5.30766e-20 7.62432 0.000159357 5.83387e-07 1.59064e-07 1.00693e-09 4.44603e-10 1.86038e-08 0.000160625 8.38297e-10
5.9022e-20 7.80927 0.00015943 5.24681e-07 1.446e-07 9.12398e-10 4.48424e-10 1.70279e-08 0.000160553 7.65266e-10
6.56334e-20 8.00033 0.000159496 4.72279e-07 1.31362e-07 8.26352e-10 4.51607e-10 1.55618e-08 0.000160489 6.97689e-10
7.29854e-20 8.19354 0.000159555 4.25614e-07 1.19257e-07 7.48078e-10 4.54e-10 1.42014e-08 0.000160431 6.35288e-10
8.11609e-20 8.38726 0.000159607 3.84062e-07 1.08198e-07 6.76913e-10 4.55547e-10 1.29424e-08 0.00016038 5.77794e-10
9.02522e-20 8.57993 0.000159654 3.4706e-07 9.8104e-08 6.12249e-10 4.56206e-10 1.17801e-08 0.000160334 5.24933e-10
1.00362e-19 8.77003 0.000159697 3.14098e-07 8.89005e-08 5.53528e-10 4.55946e-10 1.07098e-08 0.000160293 4.76429e-10
1.11604e-19 8.95597 0.000159734 2.84723e-07 8.05164e-08 5.00236e-10 4.54747e-10 9.72627e-09 0.000160256 4.32007e-10
1.24105e-19 9.13619 0.000159768 2.58533e-07 7.28856e-08 4.51901e-10 4.52593e-10 8.82433e-09 0.000160223 3.91394e-10
1.38007e-19 9.30907 0.000159799 2.35167e-07 6.59463e-08 4.08086e-10 4.49482e-10 7.99881e-09 0.000160194 3.54324e-10
1.53466e-19 9.4729 0.000159826 2.14306e-07 5.96412e-08 3.68393e-10 4.45423e-10 7.24453e-09 0.000160167 3.20537e-10
1.70657e-19 9.62612 0.00015985 1.95665e-07 5.39167e-08 3.32455e-10 4.40433e-10 6.55645e-09 0.000160143 2.89784e-10
1.89773e-19 9.72954 0.000159872 1.79392e-07 4.87236e-08 2.99941e-10 4.33666e-10 5.92911e-09 0.000160122 2.61804e-10
2.11031e-19 9.7481 0.00015989 1.65465e-07 4.40165e-08 2.70546e-10 4.24523e-10 5.35771e-09 0.000160104 2.36366e-10
2.3467e-19 9.76583 0.000159907 1.52764e-07 3.97516e-08 2.43967e-10 4.15069e-10 4.83901e-09 0.000160088 2.13313e-10
2.60956e-19 9.78278 0.000159923 1.41132e-07 3.58898e-08 2.19947e-10 4.05629e-10 4.36872e-09 0.000160073 1.92443e-10
2.90188e-19 9.79889 0.000159937 1.30548e-07 3.23945e-08 1.98247e-10 3.95779e-10 3.94244e-09 0.000160059 1.73552e-10
3.22693e-19 9.8142 0.00015995 1.20875e-07 2.92325e-08 1.7865e-10 3.85721e-10 3.55642e-09 0.000160047 1.56466e-10
3.5884e-19 9.8287 0.000159962 1.12031e-07 2.63733e-08 1.60961e-10 3.75485e-10 3.20709e-09 0.000160035 1.41022e-10
3.99036e-19 9.8424 0.000159972 1.03924e-07 2.37889e-08 1.44998e-10 3.65131e-10 2.89117e-09 0.000160025 1.27069e-10
4.43734e-19 9.85531 0.000159982 9.6504e-08 2.14538e-08 1.30597e-10 3.54663e-10 2.60562e-09 0.000160015 1.14468e-10
4.9344e-19 9.86744 0.000159991 8.96982e-08 1.93443e-08 1.17608e-10 3.43377e-10 2.3475e-09 0.000160007 1.03088e-10
5.48713e-19 9.8788 0.000159999 8.34617e-08 1.74401e-08 1.059e-10 3.3339e-10 2.11471e-09 0.000159999 9.28317e-11
6.10177e-19 9.88942 0.000160007 7.77006e-08 1.5721e-08 9.53444e-11 3.23033e-10 1.90451e-09 0.000159992 8.35775e-11
6.78527e-19 9.89929 0.000160014 7.24307e-08 1.41694e-08 8.5831e-11 3.12022e-10 1.71477e-09 0.000159985 7.52289e-11
7.54533e-19 9.90846 0.00016002 6.75505e-08 1.27696e-08 7.72603e-11 3.02053e-10 1.54378e-09 0.000159979 6.77094e-11
8.39052e-19 9.91694 0.000160026 6.31113e-08 1.15066e-08 6.95376e-11 2.90337e-10 1.38941e-09 0.000159973 6.09241e-11
9.3304e-19 9.92476 0.000160031 5.90422e-08 1.03675e-08 6.25814e-11 2.78189e-10 1.25024e-09 0.000159968 5.481e-11
1.03756e-18 9.93197 0.000160036 5.5187e-08 9.34072e-09 5.63185e-11 2.68767e-10 1.12508e-09 0.000159963 4.93131e-11
1.15378e-18 9.93859 0.00016004 5.1656e-08 8.41486e-09 5.06785e-11 2.58641e-10 1.01225e-09 0.000159959 4.436e-11
1.28302e-18 9.94464 0.000160044 4.83606e-08 7.58026e-09 4.56006e-11 2.48961e-10 9.10651e-10 0.000159955 3.99012e-11
1.42674e-18 9.95017 0.000160048 4.53688e-08 6.82792e-09 4.10289e-11 2.38401e-10 8.19103e-10 0.000159951 3.58848e-11
1.58656e-18 9.9552 0.000160052 4.25264e-08 6.15e-09 3.69142e-11 2.29534e-10 7.36759e-10 0.000159948 3.22731e-11
1.76427e-18 9.95977 0.000160055 3.99191e-08 5.53904e-09 3.32103e-11 2.19879e-10 6.62591e-10 0.000159945 2.90208e-11
1.9619e-18 9.96392 0.000160058 3.74581e-08 4.9886e-09 2.98771e-11 2.11494e-10 5.95879e-10 0.000159942 2.60961e-11
2.18167e-18 9.96768 0.000160061 3.52167e-08 4.4926e-09 2.68771e-11 2.0176e-10 5.35792e-10 0.000159939 2.34624e-11
2.42605e-18 9.97107 0.000160063 3.30985e-08 4.0458e-09 2.41777e-11 1.93411e-10 4.81764e-10 0.000159937 2.10947e-11
2.6978e-18 9.97413 0.000160066 3.11207e-08 3.64333e-09 2.1749e-11 1.85795e-10 4.33168e-10 0.000159934 1.89654e-11
3e-18 9.97689 0.000160068 2.92843e-08 3.28077e-09 1.95635e-11 1.77824e-10 3.89438e-10 0.000159932 1.70495e-11
