2e-27 11842.7 1e-20 1.33606e-10 0.0001601 1e-20 1e-20 1e-20 0.000320001 7.98973e-20
2.22403e-27 11623.1 1e-20 1.42012e-10 0.0001601 1e-20 1e-20 1e-20 0.000320001 9.07734e-20
2.47316e-27 11411.2 1e-20 1.50906e-10 0.0001601 1e-20 1e-20 1e-20 0.000320001 1.03008e-19
2.75019e-27 11207.5 1e-20 1.60314e-10 0.0001601 1e-20 1e-20 1e-20 0.000320001 1.16755e-19
3.05826e-27 11011.7 1e-20 1.70264e-10 0.0001601 1e-20 1e-20 1e-20 0.000320001 1.32194e-19
3.40083e-27 10823.2 1e-20 1.80791e-10 0.0001601 1e-20 1e-20 1e-20 0.000320001 1.49524e-19
3.78178e-27 10641.9 1e-20 1.91927e-10 0.0001601 1e-20 1e-20 1e-20 0.000320001 1.6897e-19
4.2054e-27 10467.2 1e-20 2.0371e-10 0.0001601 1e-20 1e-20 1e-20 0.000320001 1.90783e-19
4.67647e-27 10299 1e-20 2.16178e-10 0.0001601 1e-20 1e-20 1e-20 0.000320001 2.15244e-19
5.20031e-27 10136.8 1e-20 2.29373e-10 0.0001601 1e-20 1e-20 1e-20 0.000320001 2.42669e-19
5.78283e-27 9980.32 1e-20 2.43338e-10 0.0001601 1e-20 1e-20 1e-20 0.000320001 2.73416e-19
6.43059e-27 9829.33 1e-20 2.58121e-10 0.0001601 1e-20 1e-20 1e-20 0.000320001 3.07884e-19
7.15092e-27 9683.5 1e-20 2.73773e-10 0.0001601 1e-20 1e-20 1e-20 0.000320001 3.46527e-19
7.95194e-27 9542.57 1e-20 2.90345e-10 0.0001601 1e-20 1e-20 1e-20 0.000320001 3.89855e-19
8.84269e-27 9406.27 1e-20 3.07896e-10 0.0001601 1e-20 1e-20 1e-20 0.000320001 4.38445e-19
9.83321e-27 9274.36 1e-20 3.26486e-10 0.0001601 1e-20 1e-20 1e-20 0.000320001 4.92952e-19
1.09347e-26 9146.6 1e-20 3.46181e-10 0.0001601 1e-20 1e-20 1e-20 0.000320001 5.54118e-19
1.21595e-26 9022.76 1e-20 3.67049e-10 0.0001601 1e-20 1e-20 1e-20 0.000320001 6.22787e-19
1.35216e-26 8902.62 1e-20 3.89166e-10 0.0001601 1e-20 1e-20 1e-20 0.000320001 6.9992e-19
1.50362e-26 8785.96 1e-20 4.1261e-10 0.0001601 1e-20 1e-20 1e-20 0.000320001 7.86614e-19
1.67205e-26 8672.59 1e-20 4.37467e-10 0.0001601 1e-20 1e-20 1e-20 0.000320001 8.84122e-19
1.85935e-26 8562.3 1e-20 4.63828e-10 0.0001601 1e-20 1e-20 1e-20 0.000320001 9.9388e-19
2.06763e-26 8454.91 1e-20 4.91792e-10 0.0001601 1e-20 1e-20 1e-20 0.000320001 1.11754e-18
2.29923e-26 8350.24 1e-20 5.21463e-10 0.0001601 1e-20 1e-20 1e-20 0.000320001 1.25699e-18
2.55679e-26 8248.09 1e-20 5.52954e-10 0.0001601 1e-20 1e-20 1e-20 0.000320001 1.41442e-18
2.84319e-26 8148.29 1e-20 5.86386e-10 0.0001601 1e-20 1e-20 1e-20 0.000320001 1.59236e-18
3.16167e-26 8050.67 1e-20 6.21891e-10 0.0001601 1e-20 1e-20 1e-20 0.000320001 1.79373e-18
3.51583e-26 7955.05 1e-20 6.59608e-10 0.0001601 1e-20 1e-20 1e-20 0.000320001 2.02193e-18
3.90965e-26 7861.26 1e-20 6.9969e-10 0.0001601 1e-20 1e-20 1e-20 0.000320001 2.28091e-18
4.3476e-26 7769.12 1e-20 7.42301e-10 0.0001601 1e-20 1e-20 1e-20 0.000320001 2.57527e-18
4.8346e-26 7678.45 1e-20 7.87617e-10 0.0001601 1e-20 1e-20 1e-20 0.000320001 2.9104e-18
5.37615e-26 7589.06 1e-20 8.35831e-10 0.0001601 1e-20 1e-20 1e-20 0.000320001 3.29259e-18
5.97836e-26 7500.76 1e-20 8.87151e-10 0.0001601 1e-20 1e-20 1e-20 0.000320001 3.72924e-18
6.64804e-26 7413.34 1e-20 9.41804e-10 0.0001601 1e-20 1e-20 1e-20 0.000320001 4.22906e-18
7.39272e-26 7326.57 1e-20 1.00003e-09 0.0001601 1e-20 1e-20 1e-20 0.000320001 4.8023e-18
8.22082e-26 7240.22 1e-20 1.06211e-09 0.0001601 1.15589e-20 1e-20 1e-20 0.000320001 5.46111e-18
9.14169e-26 7154 1e-20 1.12833e-09 0.000160099 1.47156e-20 1e-20 1e-20 0.000320001 6.21987e-18
1.01657e-25 7067.6 1e-20 1.19902e-09 0.000160099 1.87415e-20 1e-20 1e-20 0.000320001 7.0957e-18
1.13044e-25 6980.68 1e-20 1.27452e-09 0.000160099 2.38788e-20 1e-20 1e-20 0.000320001 8.10903e-18
1.25707e-25 6892.79 1e-20 1.35524e-09 0.000160099 3.0438e-20 1e-20 1e-20 0.000320001 9.28436e-18
1.39788e-25 6803.42 1e-20 1.4416e-09 0.000160099 3.88185e-20 1e-20 1e-20 0.000320001 1.06512e-17
1.55447e-25 6711.93 1e-20 1.53411e-09 0.000160099 4.95342e-20 1e-20 1e-20 0.000320001 1.22456e-17
1.72859e-25 6617.5 1e-20 1.63331e-09 0.000160099 6.32487e-20 1e-20 1e-20 0.000320001 1.41116e-17
1.92222e-25 6519.03 1e-20 1.73984e-09 0.000160099 8.08217e-20 1e-20 1e-20 0.000320001 1.63041e-17
2.13754e-25 6415.04 1e-20 1.85444e-09 0.000160099 1.03373e-19 1e-20 1e-20 0.000320001 1.88933e-17
2.37698e-25 6303.38 1e-20 1.97799e-09 0.000160099 1.32372e-19 1e-20 1e-20 0.000320001 2.19713e-17
2.64324e-25 6180.82 1e-20 2.1116e-09 0.000160098 1.69778e-19 1e-20 1e-20 0.000320001 2.56647e-17
2.93932e-25 6042.11 1e-20 2.25674e-09 0.000160098 2.18279e-19 1e-20 1e-20 0.000320001 3.01643e-17
3.26858e-25 5877.89 1e-20 2.41555e-09 0.000160098 2.81644e-19 1e-20 1e-20 0.000320001 3.57742e-17
3.63471e-25 5669.13 1e-20 2.59173e-09 0.000160098 3.6586e-19 1e-20 1.13363e-20 0.000320001 4.31031e-17
4.04185e-25 5369.49 1e-20 2.79345e-09 0.000160098 4.82511e-19 1e-20 1.579e-20 0.000320001 5.36984e-17
4.49461e-25 4853.36 1e-20 3.04437e-09 0.000160098 6.65067e-19 1e-20 2.40187e-20 0.000320001 7.30364e-17
4.99807e-25 4060.57 1e-20 3.37983e-09 0.000160097 1.00537e-18 1e-20 4.19044e-20 0.000320001 1.13901e-16
5.55794e-25 3318.21 1e-20 3.77905e-09 0.000160097 1.60247e-18 1e-20 7.18363e-20 0.000320001 1.74481e-16
6.18051e-25 2714.39 1e-20 4.23227e-09 0.000160096 2.59481e-18 1e-20 1.11933e-19 0.000320001 2.42855e-16
6.87283e-25 2226.27 1e-20 4.74558e-09 0.000160096 4.21742e-18 1e-20 1.62657e-19 0.000320001 3.15131e-16
7.6427e-25 1831.52 1e-20 5.32683e-09 0.000160095 6.83583e-18 1e-20 2.29576e-19 0.000320001 3.97018e-16
8.4988e-25 1512.06 1e-20 5.98474e-09 0.000160095 1.10101e-17 1e-20 3.21725e-19 0.000320001 4.9643e-16
9.4508e-25 1253.29 1e-20 6.72903e-09 0.000160094 1.75978e-17 1e-20 4.50691e-19 0.000320001 6.20236e-16
1.05094e-24 1043.46 1.6267e-20 7.57042e-09 0.000160093 2.79345e-17 1e-20 6.32292e-19 0.000320001 7.75724e-16
1.16867e-24 873.065 2.88603e-20 8.52081e-09 0.000160092 4.41973e-17 1e-20 8.90957e-19 0.000320001 9.73987e-16
1.29958e-24 734.46 5.15471e-20 9.59339e-09 0.000160091 7.02579e-17 1e-20 1.26997e-18 0.000320001 1.23646e-15
1.44515e-24 621.467 9.42747e-20 1.08028e-08 0.00016009 1.14119e-16 1e-20 1.86086e-18 0.000320001 1.61275e-15
1.60703e-24 529.11 2.60852e-17 1.21659e-08 0.000160088 2.70099e-14 1.2091e-19 4.16436e-16 0.000320001 3.21093e-13
1.78704e-24 453.386 6.84862e-17 1.36999e-08 0.000160087 6.20472e-14 2.68847e-19 9.13094e-16 0.000320001 6.26001e-13
1.98722e-24 391.075 1.47786e-16 1.54268e-08 0.000160085 1.17983e-13 5.05409e-19 1.69242e-15 0.000320001 1.03105e-12
2.20982e-24 339.592 2.99914e-16 1.73698e-08 0.000160083 2.10445e-13 9.17013e-19 3.02642e-15 0.000320001 1.63732e-12
2.45735e-24 296.863 5.90227e-16 1.95559e-08 0.000160081 3.62408e-13 1.66087e-18 5.39928e-15 0.000320001 2.59229e-12
2.73262e-24 261.225 1.14167e-15 2.20198e-08 0.000160079 6.09846e-13 3.04614e-18 9.74915e-15 0.000320001 4.15095e-12
3.03871e-24 231.346 2.18704e-15 2.47956e-08 0.000160076 1.00977e-12 5.70153e-18 1.79515e-14 0.000320001 6.77317e-12
3.3791e-24 206.161 4.13688e-15 2.79275e-08 0.000160073 1.65316e-12 1.09206e-17 3.38009e-14 0.000320001 1.12925e-11
3.75761e-24 184.812 7.81764e-15 3.14652e-08 0.000160069 2.68595e-12 2.14064e-17 6.50803e-14 0.000320001 1.92363e-11
4.17852e-24 166.614 1.47797e-14 3.54697e-08 0.000160065 4.34302e-12 4.28521e-17 1.27872e-13 0.000320001 3.34104e-11
4.64658e-24 151.014 2.80498e-14 4.00076e-08 0.000160061 7.00238e-12 8.73325e-17 2.55572e-13 0.000320001 5.89738e-11
5.16708e-24 137.565 5.3536e-14 4.51566e-08 0.000160055 1.1269e-11 1.80402e-16 5.17265e-13 0.000320001 1.05313e-10
5.74587e-24 125.908 1.02668e-13 5.10076e-08 0.00016005 1.80966e-11 3.7545e-16 1.05371e-12 0.000320001 1.89095e-10
6.3895e-24 115.75 1.98102e-13 5.76475e-08 0.000160043 2.89441e-11 7.81152e-16 2.1428e-12 0.000320001 3.38589e-10
7.10523e-24 106.852 3.82948e-13 6.51592e-08 0.000160035 4.5925e-11 1.60753e-15 4.30123e-12 0.000320001 5.97773e-10
7.90112e-24 99.0186 7.35251e-13 7.36047e-08 0.000160027 7.18429e-11 3.22852e-15 8.40087e-12 0.000320001 1.0257e-09
8.78618e-24 92.0899 1.3889e-12 8.30049e-08 0.000160017 1.09963e-10 6.23781e-15 1.57177e-11 0.000320001 1.68387e-09
9.77037e-24 85.9331 2.55523e-12 9.33542e-08 0.000160007 1.6349e-10 1.14532e-14 2.77939e-11 0.000320001 2.60944e-09
1.08648e-23 80.4382 4.54246e-12 1.04653e-07 0.000159996 2.35033e-10 1.98517e-14 4.61112e-11 0.000320001 3.78888e-09
1.20818e-23 75.5135 7.75884e-12 1.16983e-07 0.000159983 3.26452e-10 3.24671e-14 7.17583e-11 0.000320001 5.15327e-09
1.34352e-23 71.0826 1.2793e-11 1.30535e-07 0.00015997 4.39169e-10 5.03212e-14 1.0531e-10 0.00032 6.60036e-09
1.49401e-23 67.0808 2.04494e-11 1.45643e-07 0.000159954 5.7466e-10 7.43806e-14 1.46898e-10 0.00032 8.0233e-09
1.66137e-23 63.4538 3.17597e-11 1.62776e-07 0.000159937 7.34862e-10 1.05526e-13 1.96352e-10 0.00032 9.33136e-09
1.84747e-23 60.1554 4.81685e-11 1.82554e-07 0.000159917 9.22435e-10 1.44492e-13 2.53306e-10 0.00032 1.04576e-08
2.05441e-23 57.1463 7.17973e-11 2.05809e-07 0.000159894 1.14093e-09 1.91712e-13 3.17185e-10 0.00032 1.13571e-08
2.28454e-23 54.3928 1.05432e-10 2.33545e-07 0.000159866 1.39495e-09 2.47363e-13 3.8736e-10 0.00032 1.20091e-08
2.54045e-23 51.866 1.53033e-10 2.67137e-07 0.000159832 1.69028e-09 3.11022e-13 4.62941e-10 0.00032 1.24054e-08
2.82502e-23 49.5408 2.20396e-10 3.08296e-07 0.00015979 2.03411e-09 3.81867e-13 5.43013e-10 0.00032 1.25555e-08
3.14146e-23 47.3957 3.15344e-10 3.59294e-07 0.000159739 2.43529e-09 4.58498e-13 6.26523e-10 0.00032 1.24777e-08
3.49336e-23 45.4118 4.49446e-10 4.23019e-07 0.000159674 2.90467e-09 5.39336e-13 7.12553e-10 0.000319999 1.22021e-08
3.88467e-23 43.5727 6.39718e-10 5.03318e-07 0.000159593 3.45549e-09 6.22501e-13 8.0019e-10 0.000319999 1.17621e-08
4.31981e-23 41.8642 9.11102e-10 6.05215e-07 0.00015949 4.10391e-09 7.0625e-13 8.88754e-10 0.000319999 1.1195e-08
4.8037e-23 40.2734 1.29972e-09 7.35345e-07 0.000159359 4.86963e-09 7.89125e-13 9.77809e-10 0.000319998 1.05383e-08
5.34179e-23 38.7894 1.77007e-09 8.74809e-07 0.000159218 5.6768e-09 8.50442e-13 1.04475e-09 0.000319998 9.78778e-09
5.94016e-23 37.4024 2.39385e-09 1.04136e-06 0.00015905 6.59401e-09 9.03674e-13 1.1052e-09 0.000319997 9.02712e-09
6.60555e-23 36.1035 3.25268e-09 1.24763e-06 0.000158842 7.6604e-09 9.52382e-13 1.16347e-09 0.000319996 8.28208e-09
7.34548e-23 34.8852 4.44394e-09 1.50386e-06 0.000158583 8.90148e-09 9.96483e-13 1.21956e-09 0.000319995 7.56462e-09
8.16829e-23 33.7404 6.10643e-09 1.82306e-06 0.000158261 1.0347e-08 1.03608e-12 1.2735e-09 0.000319993 6.88361e-09
9.08327e-23 32.6631 8.44724e-09 2.22174e-06 0.000157858 1.20314e-08 1.07138e-12 1.32538e-09 0.000319991 6.24509e-09
1.01007e-22 31.6477 1.17701e-08 2.72085e-06 0.000157354 1.39943e-08 1.10268e-12 1.37527e-09 0.000319987 5.65267e-09
1.12322e-22 30.6894 1.65541e-08 3.3469e-06 0.000156721 1.62809e-08 1.1303e-12 1.42326e-09 0.000319983 5.10798e-09
1.24904e-22 29.7835 2.34823e-08 4.13325e-06 0.000155925 1.89416e-08 1.15457e-12 1.4694e-09 0.000319976 4.61112e-09
1.38895e-22 28.9262 3.37065e-08 5.12161e-06 0.000154923 2.20313e-08 1.17588e-12 1.51384e-09 0.000319965 4.16108e-09
1.54453e-22 28.1137 4.90726e-08 6.36345e-06 0.000153662 2.56078e-08 1.19466e-12 1.55677e-09 0.00031995 3.75613e-09
1.71755e-22 27.3428 7.21419e-08 7.92126e-06 0.000152077 2.97287e-08 1.21148e-12 1.59862e-09 0.000319927 3.39407e-09
1.90994e-22 26.6105 1.09031e-07 9.86864e-06 0.000150088 3.44457e-08 1.22719e-12 1.64009e-09 0.00031989 3.07249e-09
2.12388e-22 25.9141 1.65123e-07 1.22899e-05 0.000147606 3.97973e-08 1.24286e-12 1.68236e-09 0.000319834 2.78886e-09
2.36179e-22 25.2512 2.58871e-07 1.52744e-05 0.000144522 4.57953e-08 1.26023e-12 1.72721e-09 0.00031974 2.54078e-09
2.62635e-22 24.6193 4.28065e-07 1.89059e-05 0.000140714 5.24081e-08 1.28193e-12 1.7773e-09 0.000319571 2.32601e-09
2.92054e-22 24.0165 7.51656e-07 2.32416e-05 0.000136048 5.95372e-08 1.31191e-12 1.8363e-09 0.000319247 2.14257e-09
3.24769e-22 23.4409 1.38556e-06 2.82764e-05 0.000130372 6.6988e-08 1.35643e-12 1.90944e-09 0.000318613 1.98898e-09
3.61148e-22 22.8907 2.96609e-06 3.37524e-05 0.000123308 7.43236e-08 1.43385e-12 2.00651e-09 0.000317033 1.867e-09
4.01602e-22 22.3644 6.94613e-06 3.89152e-05 0.000114159 8.06897e-08 1.58811e-12 2.15045e-09 0.000313052 1.78634e-09
4.46588e-22 21.8603 1.61292e-05 4.20978e-05 0.000101789 8.45405e-08 1.93051e-12 2.39692e-09 0.000303869 1.77294e-09
4.96613e-22 21.3772 3.19275e-05 4.17902e-05 8.62983e-05 8.46292e-08 2.64475e-12 2.82821e-09 0.00028807 1.85115e-09
5.52242e-22 20.9139 5.16935e-05 3.84417e-05 6.98841e-05 8.12958e-08 3.96347e-12 3.52905e-09 0.000268304 2.02253e-09
6.14102e-22 20.4693 7.08702e-05 3.40426e-05 5.51117e-05 7.61168e-08 6.1219e-12 4.57305e-09 0.000249126 2.26578e-09
6.82891e-22 20.0424 8.7997e-05 2.94243e-05 4.26094e-05 6.9775e-08 9.59568e-12 6.11132e-09 0.000231997 2.58253e-09
7.59386e-22 19.6322 0.000101996 2.53795e-05 3.26624e-05 6.3137e-08 1.49227e-11 8.30566e-09 0.000217997 2.95945e-09
8.44449e-22 19.2377 0.000113656 2.16707e-05 2.47181e-05 5.61276e-08 2.33108e-11 1.15027e-08 0.000206333 3.41893e-09
9.39041e-22 18.8581 0.0001225 1.88139e-05 1.87367e-05 4.95818e-08 3.55572e-11 1.58981e-08 0.000197484 3.92363e-09
1.04423e-21 18.4926 0.000129378 1.64907e-05 1.41883e-05 4.34024e-08 5.33556e-11 2.18922e-08 0.000190601 4.47846e-09
1.1612e-21 18.1404 0.000134651 1.464e-05 1.07716e-05 3.77577e-08 7.82902e-11 2.97653e-08 0.00018532 5.06197e-09
1.29127e-21 17.8008 0.000138677 1.31668e-05 8.22382e-06 3.27344e-08 1.11808e-10 3.96398e-08 0.000181284 5.64611e-09
1.43591e-21 17.4732 0.000141774 1.19646e-05 6.33337e-06 2.83608e-08 1.5482e-10 5.13527e-08 0.000178175 6.19741e-09
1.59676e-21 17.1569 0.000144163 1.09681e-05 4.94418e-06 2.46552e-08 2.06675e-10 6.4254e-08 0.000175773 6.67237e-09
1.77562e-21 16.8514 0.000146089 1.00637e-05 3.92616e-06 2.15455e-08 2.65506e-10 7.73773e-08 0.000173834 7.03813e-09
1.97452e-21 16.5562 0.000147698 9.1967e-06 3.18667e-06 1.89658e-08 3.27301e-10 8.9448e-08 0.000172213 7.26509e-09
2.1957e-21 16.2707 0.000149096 8.33595e-06 2.65173e-06 1.68268e-08 3.87195e-10 9.93323e-08 0.000170805 7.34307e-09
2.44165e-21 15.9946 0.000150344 7.47819e-06 2.26263e-06 1.50364e-08 4.41083e-10 1.06382e-07 0.000169549 7.2838e-09
2.71515e-21 15.7272 0.00015147 6.64195e-06 1.97416e-06 1.35155e-08 4.86793e-10 1.10528e-07 0.000168419 7.11461e-09
3.01929e-21 15.4684 0.000152479 5.85573e-06 1.75338e-06 1.22042e-08 5.24119e-10 1.12119e-07 0.000167409 6.86772e-09
3.3575e-21 15.2176 0.000153369 5.14269e-06 1.5776e-06 1.10586e-08 5.54068e-10 1.11675e-07 0.00016652 6.57182e-09
3.7336e-21 14.9745 0.000154146 4.5124e-06 1.43201e-06 1.00459e-08 5.78e-10 1.09712e-07 0.000165745 6.24843e-09
4.15182e-21 14.7388 0.000154815 3.9682e-06 1.30733e-06 9.14393e-09 5.97068e-10 1.06654e-07 0.000165078 5.91198e-09
4.61689e-21 14.5101 0.000155388 3.50553e-06 1.19782e-06 8.33566e-09 6.12122e-10 1.0283e-07 0.000164509 5.57181e-09
5.13406e-21 14.2881 0.000155877 3.115e-06 1.0999e-06 7.60784e-09 6.23766e-10 9.84888e-08 0.000164024 5.23401e-09
5.70915e-21 14.0726 0.000156296 2.78547e-06 1.01129e-06 6.94977e-09 6.32455e-10 9.38178e-08 0.00016361 4.90269e-09
6.34867e-21 13.8633 0.000156657 2.50615e-06 9.30442e-07 6.35267e-09 6.38577e-10 8.89616e-08 0.000163254 4.58077e-09
7.05982e-21 13.66 0.000156971 2.26719e-06 8.56294e-07 5.80927e-09 6.42484e-10 8.40303e-08 0.000162945 4.27033e-09
7.85063e-21 13.4623 0.000157246 2.06065e-06 7.88049e-07 5.31354e-09 6.44504e-10 7.91072e-08 0.000162675 3.97283e-09
8.73003e-21 13.27 0.00015749 1.88016e-06 7.25093e-07 4.86043e-09 6.44933e-10 7.42549e-08 0.000162436 3.6892e-09
9.70793e-21 13.083 0.000157708 1.72076e-06 6.66932e-07 4.44564e-09 6.44029e-10 6.95188e-08 0.000162223 3.42e-09
1.07954e-20 12.9011 0.000157904 1.57861e-06 6.13153e-07 4.06552e-09 6.42012e-10 6.49317e-08 0.000162031 3.16543e-09
1.20046e-20 12.7239 0.000158082 1.45082e-06 5.63405e-07 3.71688e-09 6.39063e-10 6.05164e-08 0.000161857 2.92549e-09
1.33493e-20 12.5515 0.000158244 1.33516e-06 5.17378e-07 3.39694e-09 6.35331e-10 5.6288e-08 0.0001617 2.69995e-09
1.48447e-20 12.3834 0.000158392 1.22992e-06 4.74798e-07 3.10326e-09 6.30931e-10 5.22563e-08 0.000161556 2.48848e-09
1.65075e-20 12.2197 0.000158528 1.13375e-06 4.35418e-07 2.83364e-09 6.25956e-10 4.84264e-08 0.000161424 2.29063e-09
1.83566e-20 12.0602 0.000158653 1.04561e-06 3.99013e-07 2.58612e-09 6.20479e-10 4.48006e-08 0.000161302 2.1059e-09
2.04129e-20 11.9046 0.000158768 9.64641e-07 3.65376e-07 2.35893e-09 6.14555e-10 4.13783e-08 0.000161191 1.93375e-09
2.26994e-20 11.7529 0.000158873 8.90132e-07 3.34318e-07 2.15046e-09 6.08228e-10 3.81573e-08 0.000161088 1.77362e-09
2.52421e-20 11.6048 0.000158971 8.21494e-07 3.05662e-07 1.95925e-09 6.01534e-10 3.51338e-08 0.000160994 1.62491e-09
2.80696e-20 11.4604 0.000159061 7.58218e-07 2.79243e-07 1.78395e-09 5.94499e-10 3.23026e-08 0.000160907 1.48705e-09
3.12139e-20 11.3194 0.000159144 6.99859e-07 2.54907e-07 1.62332e-09 5.87143e-10 2.9658e-08 0.000160827 1.35945e-09
3.47103e-20 11.1817 0.00015922 6.46025e-07 2.32512e-07 1.47624e-09 5.79482e-10 2.71932e-08 0.000160753 1.24152e-09
3.85984e-20 11.0473 0.00015929 5.96364e-07 2.11922e-07 1.34165e-09 5.71529e-10 2.4901e-08 0.000160685 1.1327e-09
4.29221e-20 10.9159 0.000159355 5.50558e-07 1.9301e-07 1.21858e-09 5.63295e-10 2.27738e-08 0.000160622 1.03243e-09
4.773e-20 10.7876 0.000159415 5.08316e-07 1.75657e-07 1.10613e-09 5.54788e-10 2.08037e-08 0.000160564 9.40178e-10
5.30766e-20 10.6621 0.00015947 4.69371e-07 1.59751e-07 1.00346e-09 5.46014e-10 1.89826e-08 0.000160511 8.55417e-10
5.9022e-20 10.5395 0.00015952 4.33478e-07 1.45185e-07 9.09802e-10 5.3698e-10 1.73023e-08 0.000160462 7.77645e-10
6.56334e-20 10.4196 0.000159567 4.00409e-07 1.31859e-07 8.24423e-10 5.27692e-10 1.57547e-08 0.000160417 7.06378e-10
7.29854e-20 10.3023 0.00015961 3.69952e-07 1.19681e-07 7.46657e-10 5.18158e-10 1.43318e-08 0.000160376 6.41154e-10
8.11609e-20 10.1875 0.000159649 3.4191e-07 1.08563e-07 6.75881e-10 5.08385e-10 1.30255e-08 0.000160338 5.81533e-10
9.02522e-20 10.0752 0.000159685 3.16099e-07 9.84203e-08 6.11515e-10 4.9838e-10 1.18282e-08 0.000160303 5.27097e-10
1.00362e-19 9.96535 0.000159718 2.92349e-07 8.91773e-08 5.53023e-10 4.88155e-10 1.07323e-08 0.000160271 4.77451e-10
1.11604e-19 9.85776 0.000159748 2.70499e-07 8.07612e-08 4.99908e-10 4.77721e-10 9.73063e-09 0.000160242 4.32219e-10
1.24105e-19 9.75242 0.000159776 2.50402e-07 7.31042e-08 4.51708e-10 4.67091e-10 8.81626e-09 0.000160215 3.91052e-10
1.38007e-19 9.64924 0.000159802 2.31918e-07 6.61436e-08 4.07998e-10 4.5628e-10 7.98257e-09 0.00016019 3.53618e-10
1.53466e-19 9.54818 0.000159825 2.14919e-07 5.98207e-08 3.68385e-10 4.45306e-10 7.22333e-09 0.000160168 3.1961e-10
1.70657e-19 9.44916 0.000159846 1.99285e-07 5.40811e-08 3.32507e-10 4.34185e-10 6.5326e-09 0.000160147 2.8874e-10
1.89773e-19 9.35212 0.000159866 1.84904e-07 4.88746e-08 3.00029e-10 4.2294e-10 5.90482e-09 0.000160128 2.6074e-10
2.11031e-19 9.25701 0.000159884 1.71672e-07 4.41546e-08 2.70645e-10 4.1159e-10 5.33479e-09 0.000160111 2.35362e-10
2.3467e-19 9.16377 0.000159901 1.59502e-07 3.98781e-08 2.44073e-10 4.00156e-10 4.81762e-09 0.000160095 2.12376e-10
2.60956e-19 9.07235 0.000159916 1.48308e-07 3.60055e-08 2.20056e-10 3.88626e-10 4.34877e-09 0.00016008 1.91569e-10
2.90188e-19 8.98269 0.00015993 1.38002e-07 3.25003e-08 1.98356e-10 3.76795e-10 3.92393e-09 0.000160067 1.72741e-10
3.22693e-19 8.89475 0.000159942 1.28453e-07 2.93297e-08 1.78761e-10 3.65686e-10 3.53966e-09 0.000160054 1.55733e-10
3.5884e-19 8.80847 0.000159954 1.19649e-07 2.64626e-08 1.61071e-10 3.54804e-10 3.19206e-09 0.000160043 1.40364e-10
3.99036e-19 8.72382 0.000159965 1.11568e-07 2.38708e-08 1.45105e-10 3.43417e-10 2.87756e-09 0.000160033 1.26473e-10
4.43734e-19 8.64074 0.000159975 1.04104e-07 2.15289e-08 1.30701e-10 3.32185e-10 2.59336e-09 0.000160023 1.13932e-10
4.9344e-19 8.55919 0.000159984 9.72139e-08 1.94134e-08 1.17709e-10 3.20965e-10 2.33663e-09 0.000160014 1.02612e-10
5.48713e-19 8.47914 0.000159992 9.08432e-08 1.75031e-08 1.05994e-10 3.09713e-10 2.1048e-09 0.000160006 9.23981e-11
6.10177e-19 8.40053 0.000159999 8.49546e-08 1.57787e-08 9.54345e-11 2.98991e-10 1.89565e-09 0.000159999 8.31894e-11
6.78527e-19 8.32334 0.000160007 7.95029e-08 1.42222e-08 8.59164e-11 2.88005e-10 1.70688e-09 0.000159992 7.48833e-11
7.54533e-19 8.24753 0.000160013 7.45004e-08 1.28177e-08 7.73392e-11 2.76535e-10 1.53654e-09 0.000159986 6.73926e-11
8.39052e-19 8.17305 0.000160019 6.97856e-08 1.15509e-08 6.96131e-11 2.66608e-10 1.38316e-09 0.00015998 6.06504e-11
9.3304e-19 8.09988 0.000160024 6.54431e-08 1.04081e-08 6.26528e-11 2.55966e-10 1.24479e-09 0.000159975 5.45714e-11
1.03756e-18 8.02799 0.00016003 6.1413e-08 9.37772e-09 5.63847e-11 2.46138e-10 1.12017e-09 0.00015997 4.90985e-11
1.15378e-18 7.95733 0.000160034 5.76924e-08 8.44854e-09 5.07396e-11 2.35724e-10 1.00784e-09 0.000159965 4.41668e-11
1.28302e-18 7.88787 0.000160039 5.42182e-08 7.61092e-09 4.5657e-11 2.25826e-10 9.06682e-10 0.000159961 3.97275e-11
1.42674e-18 7.8196 0.000160043 5.09138e-08 6.85609e-09 4.10822e-11 2.18121e-10 8.15721e-10 0.000159957 3.57368e-11
1.58656e-18 7.75248 0.000160046 4.79304e-08 6.1755e-09 3.69625e-11 2.07783e-10 7.33644e-10 0.000159953 3.21368e-11
1.76427e-18 7.68647 0.00016005 4.50924e-08 5.56229e-09 3.3255e-11 1.9907e-10 6.59838e-10 0.00015995 2.89003e-11
1.9619e-18 7.62156 0.000160053 4.24517e-08 5.0097e-09 2.9918e-11 1.90436e-10 5.934e-10 0.000159947 2.59876e-11
2.18167e-18 7.55771 0.000160056 4.00365e-08 4.51181e-09 2.69148e-11 1.81805e-10 5.336e-10 0.000159944 2.33665e-11
2.42605e-18 7.49491 0.000160059 3.7732e-08 4.06323e-09 2.42122e-11 1.73461e-10 4.79794e-10 0.000159941 2.10085e-11
2.6978e-18 7.43311 0.000160061 3.56008e-08 3.65914e-09 2.17804e-11 1.65736e-10 4.31397e-10 0.000159939 1.88878e-11
3e-18 7.37232 0.000160064 3.36019e-08 3.29512e-09 1.95922e-11 1.58135e-10 3.87854e-10 0.000159937 1.69802e-11
